# List of taxids
131111
69366
43660
47877
60520
55209
453
580
47493
1017
57498
79270
53461
622
56957
78587
182180
29571
66229
43667
68910
37923
553611
65499
44010
49897
43675
112901
82374
96232
47496
59405
29301
44749
675
28172
56464
34087
184882
85874
1677
1614
1780
76636
86175
901
59892
693
103621
156892
56810
60454
588
1708
39688
54006
46679
59406
44753
59803
73010
69208
33952
69365
2014
46206
33887
55507
44752
78355
126348
151781
156977
820
32002
37927
45465
1946
33899
68274
53343
1863
46467
46469
63129
111292
39770
28449
54007
294
674
167645
156202
117503
39691
53245
29376
455
1632
1773
36874
43678
34038
39122
114687
117567
28025
36811
54571
102170
40216
29394
45071
33883
81858
2015
40520
114684
56458
151276
122355
49186
45073
1625
88164
33884
1274
69974
35816
77095
303
74031
114683
78356
41274
126350
92645
2051
43654
86193
123320
52690
542
28090
61598
33879
1656
33046
43997
45663
46470
573
448
314281
53441
54005
33035
43263
867
46355
1306
34058
104609
153622
269709
45243
47715
52693
65380
63959
83617
485
68214
28111
36813
29438
28094
43665
1381
58138
562
47885
43674
45066
53376
53437
43775
114688
38322
56460
2724
636
37928
89784
37931
43671
80871
79269
42252
53345
46201
28445
53440
53247
48466
60133
46678
60137
29527
672
60216
88373
148814
47679
106262
114696
76517
71657
42253
119
35813
33058
41899
687
29498
85583
614
83264
58346
80881
1655
84096
45056
458
55085
60921
34070
100468
28214
136468
141692
164400
37734
46353
28898
58115
36746
52227
47878
83291
876
1665
131110
57909
47848
61644
33959
45076
36805
36806
29494
668
56463
70775
86179
75684
52766
42055
114
29581
53458
53408
85336
114090
44935
124252
863372
89061
437
438
52774
37626
61171
128104
1272
53412
36878
106147
28175
120377
415
654
82801
79271
65700
51670
43064
460
1276
37329
1713
42444
47917
40683
34071
691
40269
88374
101571
170623
191577
83263
67780
52689
75697
83784
31943
57664
1861
84
83683
28083
107400
82380
146806
149015
76891
76635
164115
85831
43657
1698
29503
72026
72000
40335
1776
55518
59310
60549
60548
984
200254
56055
39060
32062
29422
122
43661
67356
583357
132132
1596
86174
905
29430
779
33002
554
55508
1804
489
301
47884
44032
55504
1934
80852
56448
153494
93378
1714
145458
71656
28087
330
60890
25
40682
67327
82788
156979
1670
94624
1712
36740
37915
1299
57497
466107
42421
69362
29542
36876
47883
1833
74714
76113
689
28174
13243
1335
82806
164348
57037
52694
2749
40218
14
577
52226
1782
392844
76112
1648
101564
53410
40215
37929
84757
46506
47886
21
47879
48729
61651
46429
685
156203
78510
80866
102109
272240
52773
1676
50715
28088
37916
36807
57040
1787
1829
67360
51160
56453
147047
29570
149017
52692
33045
48292
464
454
37921
33059
29495
98671
189863
1349
1311
227
33996
150723
1661
33889
1564
28085
69221
53423
671
28169
1112
68183
49185
59505
1071
39950
159728
37922
188
1784
45622
42443
46357
114686
56359
29575
146821
153721
111015
76637
305698
46358
63561
42566
45064
195064
59779
1828
44033
60922
54294
121163
1353
52771
70856
75105
85701
155892
48727
53417
39771
65735
40681
56449
156980
124798
470
33044
33957
1778
266
56456
126843
29313
76759
76760
53442
45075
39772
36812
33885
1273
52443
33025
97
137733
71253
1709
65552
41976
28133
623
28171
158627
1255
28116
142461
29468
43655
47678
147709
71383
964
66700
2378
1254
165694
178339
1658
28108
47847
71452
180
39775
24
74348
119495
104336
86185
52691
1671
43666
136996
442
71999
88139
160826
69499
46356
618
337
350
61648
37482
36814
304
1660
43658
131109
47845
28885
100225
53329
55212
2097
39692
64002
53372
787
42906
60920
62763
56450
86182
28097
293
90736
54767
37625
29360
83564
42422
35787
39774
1952
114404
56455
56457
56459
123899
53407
68570
33881
41211
45070
549
676
80854
112900
164330
29489
28109
1703
37624
58621
1354
53400
45065
45072
84962
300
47763
36861
259
124
95548
335406
297
82988
150024
84035
84595
929
82996
89959
119485
136100
82977
87883
93219
83558
83552
330836
119978
89968
46541
174037
32040
83769
169176
82990
82805
141451
1082
57666
83219
114628
127458
109328
180164
173676
171121
92487
59754
109327
82992
569859
57043
82987
76259
81947
166954
154347
131080
179995
182182
960
97477
38293
69279
28448
1131292
2055
89967
52023
277
89969
85044
167644
132932
96565
29488
574560
83771
83767
28258
48936
33918
76595
53427
1086
88190
83401
120107
159478
119644
133552
48937
2033
108819
82171
40516
82981
83615
83619
68291
83765
92933
158847
180163
181658
34088
1010
86669
89584
1053551
82979
1563
118060
82367
1087
82995
88189
89772
151894
171437
930
69370
86796
550
74033
160699
252
552
35839
463
52021
86333
103810
33074
33888
28173
29320
69222
2736
34013
29423
83231
74349
28210
421
43669
66866
2036
53371
556
486
144055
492
75659
78527
98672
1950
55213
1904
35751
459
99597
44061
43664
55148
83828
37930
114698
1019
62322
51288
124225
77097
61654
162028
33917
119484
100886
82991
82993
76594
82985
109325
140314
115544
2054
81409
167643
53356
103618
169050
154108
201571
153731
154109
144786
53418
67299
194326
158787
165758
166486
170651
360807
90730
162169
162170
134601
426
301301
90733
170652
170661
166485
158898
428
688
170679
139808
52764
134
104097
178900
1781
65959
209274
188144
212663
178901
190895
176290
1333
1341
213806
144022
173675
152142
179819
86180
38402
184748
1270
201975
2078
182403
158891
201973
184870
69395
69666
41276
146817
86
82203
1298959
1325724
74311
74312
74313
74325
74326
1772
74318
144026
82375
2374
74314
74329
1433403
74319
82376
68569
144025
69396
74316
74315
220697
208224
208223
144023
179636
615
176102
1484
225324
225051
224999
158484
180441
199592
190308
159723
190310
192073
212021
229921
212020
43767
228006
108150
188908
324617
184065
53332
141949
68035
167481
1779
134605
104955
108437
170994
157076
126385
1792
275
40223
90244
112904
228
108028
81943
108980
2052
51663
1791
45495
45496
53321
139438
29522
52133
150120
339
853
108981
65553
53453
140058
1794
58137
120681
121428
141389
69220
69224
29471
34011
117207
133194
1799
147825
180588
67576
105219
86171
582
141390
42565
69223
193
50718
1769
112009
216778
114685
52004
150832
309797
148447
116090
1565
100469
82135
132933
157910
185008
55211
65555
52765
137591
173365
64988
29539
29314
136274
1807
45461
40841
69218
152526
2746
78229
169438
197222
208962
215590
198832
2750
187868
155680
197162
188906
1775
1652
112234
187137
191770
190146
663
166939
225991
59733
200905
235987
198481
193384
206042
198480
157592
90731
90728
90732
155865
192387
899
52561
57732
237611
564
240521
1261
213588
239984
33033
198093
180542
703
68189
66372
67378
244566
185949
200451
651740
200450
56877
208480
215743
86840
56760
206041
171383
180282
200452
190892
199596
199591
188932
200454
204936
208602
134533
173559
42808
212667
53633
28034
204470
44012
249188
137265
52242
211669
249403
249406
249408
254408
174709
673
220714
575978
153233
169960
219301
225144
212403
215691
173480
215690
202747
237446
2128
45611
45610
256839
38308
95300
43131
89065
40561
135719
53406
849
29365
861
67573
257984
2134
82803
146819
219182
1789
225084
229203
1768
232346
227605
138300
152335
217041
229204
198706
1767
1764
187493
574561
260811
587753
259899
255045
68185
51201
1888
66373
66377
1957
68259
66875
188913
264736
234834
264148
234835
209246
218936
43595
195907
223556
220378
216463
209247
219707
267374
267375
153493
153491
494
228602
128785
191292
229480
232444
242606
388408
262668
272774
148
244366
593909
536018
28197
281252
282683
216
213
32025
1120986
45262
273384
110539
168933
163869
172040
172041
172042
172043
172044
182262
211589
228603
228604
273168
135577
39778
39777
194702
210623
265959
256821
158899
150121
150122
150123
2035
28122
203471
209080
214853
217068
217069
94
217070
217141
231434
31996
414
232270
264023
28047
269673
269670
53462
182411
191390
215200
216931
216932
216933
216934
216935
216936
216937
216939
216940
216941
216942
216943
216944
216946
216947
221066
220927
203482
256731
225325
225327
225843
223527
190897
236100
229007
240166
240167
240169
229486
279113
279058
318456
243924
680248
680247
332055
267128
267850
269144
270498
217
95149
212
844
37372
55218
55583
1063
381
380
398
110322
36856
38311
33008
38312
1830
37919
36820
36823
36821
50338
182455
241145
252514
263910
285279
288966
323621
290309
59602
97084
97089
115551
115553
115555
115561
145285
29497
219572
219573
219574
221027
240237
69373
184914
83462
219649
239498
223967
236067
182640
60450
236068
228955
228956
228957
228958
228959
291112
252967
251747
248316
717
51161
719
51049
720
51047
67855
722
716
723
197575
732
733
729
738
752
753
754
755
756
758
760
761
47735
244734
247022
252302
314255
252597
264297
248315
1348
282684
282685
1525
285106
284577
287097
287099
286803
288019
287930
289483
214
47312
61305
206393
281738
238012
238013
238015
291968
83262
544718
271096
271098
271099
271091
292222
287844
64642
553
55208
55210
274
29321
33904
1896
33898
36816
36818
46354
29443
29447
53413
48664
347
53414
53317
52787
52786
66228
13725
57489
46450
40214
1334
1314
1340
84632
84634
67574
69367
69368
69369
69363
92835
84292
61645
61647
548
61652
171442
1685
62140
65151
68891
69280
72806
28229
76258
80816
81447
77007
81895
84158
84724
84725
86170
160791
2331
76947
1620
1247
1252
1629
33968
1249
1583
88362
88364
88688
1246
34015
96468
90323
85558
100884
104268
104269
105612
28112
110500
113569
2337
122960
1450
1457
125614
125627
137357
145373
151654
152682
156994
405212
157783
161154
164759
133453
168276
915
171194
172045
173053
190
180194
180195
180197
184607
995
996
107401
104270
96345
1002
1006
70993
1025
1026
1027
1028
186192
188872
191768
54
200615
87461
43662
28454
248026
266121
266122
266123
266125
266126
266127
266128
266130
88233
60246
59600
53522
1305
28037
1313
1302
1318
61656
476
60442
480
29433
34060
34061
38313
70863
1307
29545
146938
146939
146940
63655
63656
63658
932
65401
65403
65786
92003
99653
114652
99480
99481
2094
2107
2124
92400
92402
92406
92407
92404
56142
92403
92401
92405
92485
108003
106634
92245
92246
97478
111773
92759
571
575
93063
93064
93065
2104
53364
33945
120959
92442
92945
92947
80868
80867
80869
80842
46223
2024
112248
110101
2026
93218
93221
93222
158
99907
184924
94132
111143
93973
118000
95486
108010
53367
53368
96940
96941
95162
110935
99286
100176
109263
101383
101385
103816
136609
110505
438851
103817
112235
105972
521
103855
226665
111831
217219
112729
200379
104206
103891
309805
43772
106590
2371
142834
141693
1337
29389
84037
988
108328
111504
63186
109214
43992
147248
43659
134536
134537
194424
120957
55603
114880
114881
76630
114884
114885
114886
55604
63686
114883
114882
115783
120213
120298
466
451
750
117208
117506
120958
121290
121291
121292
153026
718
131568
119542
121734
121726
135740
135742
157779
124285
47770
123841
126673
179838
129847
129817
160434
128780
416555
151784
2061
42777
147577
151755
69823
135083
135079
135082
135080
135739
151414
1383
133926
138595
138563
155192
155194
747
137778
137779
140626
152475
137658
138851
138853
142649
142650
142651
2149
95641
151783
68895
152297
151081
150829
157842
72
211502
172371
147267
154654
158897
161482
152490
148604
155042
1346
328552
156456
29555
175696
156453
154288
160661
177758
178606
158192
1131703
1131707
168935
157465
157463
1631
1251
633
29483
634
29484
631
28152
33060
632
29485
29486
180400
197
195
159291
161153
168480
182900
183795
670
168471
281091
238800
177972
186280
186189
351052
29552
47687
171279
171280
171281
171282
171283
50052
171284
86660
76629
171285
2100
171286
171287
171289
171290
2125
171291
171523
897
453230
2290
115781
2296
2298
2293
190898
173509
190655
1824
135487
37330
37328
37326
37332
37327
114259
45979
53432
1822
189540
37333
53428
53431
134962
134964
132249
53972
1823
1686
175628
176090
178356
178355
176898
204072
178001
179010
180286
180311
180916
39650
155077
195105
195801
191026
184756
187400
196587
1044
39960
185641
198616
198618
198620
191302
1582
186571
187328
192812
86173
244407
195930
194542
205332
193461
1963
195041
916
204046
206499
209650
209639
246618
204525
216142
33030
1232866
52584
198815
214888
215578
214905
218538
216427
216874
213783
217204
217203
218139
218140
218205
217731
1887
217511
218670
218673
218672
215220
215221
33069
218208
502049
219745
45634
1309
1310
1317
1339
1304
1343
220752
223390
257708
225453
225999
229549
223392
57704
227084
28124
224312
236402
638
93220
40576
628
40578
236511
66876
233100
301302
84378
242750
28224
243061
253256
254246
254247
244735
450
380392
262776
263378
61635
264634
264635
264636
264637
264639
265726
504
267212
7
399
28104
33050
33052
13690
40837
76978
28220
359
382
33018
35804
58314
33049
35806
35805
1061
661
659
29408
29409
33998
523
524
525
33999
1080
34017
784
35793
184917
286438
47466
46124
477
29519
43057
53341
40577
1597
83555
77675
77585
93683
93684
1683
1689
216816
35760
28026
1691
78342
78343
78344
78345
1692
1694
78448
78346
76588
51664
511
85991
187304
76980
71235
54062
813
81932
78257
78258
78259
77635
33047
807
28252
505341
157339
505
484
495
61
28232
2106
2754
28045
29323
29350
1560
28896
912
28198
28199
29546
28136
28137
28130
28114
28115
28117
28139
31909
29563
29560
29556
29557
29561
36854
34027
38986
34068
35830
786
33990
788
35791
33991
33992
783
35792
53444
272241
272210
203699
211668
227924
229155
248905
248906
248907
265960
266805
248551
81405
195913
211146
237017
237018
237019
237610
245187
245188
254785
57028
256326
257772
285351
293552
293647
218144
225362
231024
33878
240125
245836
247333
249189
252246
1303
68892
113107
259354
271160
262076
262077
261964
261965
351673
263723
264027
104
257758
196
28099
28184
286420
183
293890
329
294710
295352
669
296218
409436
77524
451807
162393
83341
64976
64977
64969
64970
64971
64972
64973
64974
64975
1351
1575
84531
198312
61150
66835
67081
67854
67825
67826
67828
57706
67829
67824
67827
54736
72023
53419
74700
75310
332056
70997
70998
71433
39844
75658
73030
81857
76009
76007
878
43354
86102
86103
86104
85401
85404
85403
85402
74701
74661
51367
75588
75612
75922
85688
1356
44007
41997
1355
44009
44008
53346
119864
76758
84590
77298
81468
93980
81464
1731
87012
81467
78543
78544
92181
80880
80883
80882
80879
47920
12917
80878
65656
65655
47421
65657
32013
79599
81037
77608
81029
81031
81030
81034
81033
1079
28202
82633
88058
296
316
105483
95485
198
89184
314263
84979
84980
84981
84982
84983
930166
86265
84109
84110
89050
89051
89053
85085
1338
76860
1328
109330
109329
13373
1022
112140
33964
1058
99594
85925
103725
43355
100133
225971
91359
91360
180332
187979
187980
187981
43348
85968
188915
141349
1806
39694
39695
1810
1795
1790
1800
1801
1793
1771
1783
202789
194197
194196
190721
202950
202956
202955
202951
202952
202954
196367
197183
200476
200475
382514
309806
203795
203799
204799
213248
29374
205941
150033
1260
33037
33034
33032
33036
213312
209880
731
120370
153971
41988
133924
136992
34007
53463
34003
34002
152332
153266
153267
153268
155866
163604
154621
211460
157687
157688
157691
157692
158892
165096
163605
166934
166935
169427
334545
177413
1345
186931
188789
190197
190195
218490
57863
58231
58116
58114
83556
83560
50712
1667
37752
42859
38502
934
1031
40414
77098
40519
1264
1265
111769
2698
285
950
2336
537
502
2122
2143
2113
2087
1788
500
2300
991
982
987
256
1008
1600
974
1050
531
971
945
69670
923
143223
1015
1566
63612
948
28903
35814
518
519
520
39645
33924
34032
34031
785
37450
37448
37453
13264
159
35795
35769
36741
36742
36743
37816
39100
38815
39841
1681
74829
29559
40982
40983
384
42056
41791
42471
29448
1238
43305
831
45242
1018
45254
44671
44672
44676
144
45363
29553
45362
29554
45361
29562
373
45655
45656
45657
45658
45629
46351
651183
47839
47959
48076
48465
48467
48464
34085
109465
49278
49280
52560
50960
51048
51353
51362
51363
83554
83561
51616
375
83559
357794
53483
53573
54291
55205
55206
55779
56119
56425
89403
56804
56807
182141
57029
150172
150146
56812
56813
56698
56730
56731
56779
28251
56946
57000
57001
57003
57002
57172
73781
73779
73780
57480
56878
57975
58347
2064
58351
58352
58354
2066
38310
59298
59299
59617
13335
59813
60035
60036
216938
29530
34018
1930
42234
42236
42238
42237
1932
301154
203523
228596
228599
230310
231053
254784
265883
941463
38307
574987
17
300266
92647
187102
238540
238991
255042
257454
262806
280473
286730
288995
300018
300020
76832
225196
230667
238964
248902
258049
258050
257003
146021
146018
43304
98668
1774
56689
39693
59750
255984
260364
260365
262209
267135
281920
285070
23
292461
295255
298708
47835
1579
407152
299618
299462
300193
300231
2121
301541
301141
219571
40571
309120
78126
94627
94626
155197
170674
119000
173361
173363
173364
260553
265668
297584
302403
302406
291644
291645
301953
302044
304413
304417
69284
185300
257440
232216
205844
241416
168384
206045
119224
429133
588672
146017
146020
223184
225845
228230
237576
252966
889
47157
253547
244292
246602
256618
247523
258051
258052
258053
258515
273793
36809
306572
307483
132473
307627
13160
28320
408
31998
34004
34005
34006
921
93380
210
47158
36873
76884
2065
88074
984307
91915
104099
104100
104102
110479
146474
146475
146476
153496
28064
257438
259390
265291
267990
297244
299262
299255
311230
311789
73098
181073
98513
192389
231049
237612
249409
249410
256323
256324
256701
256702
262208
266809
269666
270351
270350
272548
294935
294936
365533
429134
312285
312286
188770
221822
227944
227942
227943
227945
236814
192
238083
244830
246603
246613
728
269420
261164
262004
262005
262006
264739
265425
266810
266812
265429
266951
266952
270496
270918
270920
270921
272918
272919
279356
279359
279360
281739
56192
283786
83526
308994
33970
310783
310779
310781
310782
311182
302406
311208
174
310400
1108
76848
33051
272914
1581
152331
65958
365590
614070
614069
365591
114616
131540
146829
2292
28223
307480
311180
228419
236510
261477
258533
255457
256034
256035
256037
258256
271417
265470
265477
894
283169
278132
296842
313439
313367
313368
313985
315421
315423
314722
317015
200618
231455
234613
254161
318683
280093
282402
310514
111564
99655
94255
110936
108015
130796
29442
135626
142877
168469
169669
169765
183556
176598
200624
189723
191579
781
320324
221126
228924
235931
252583
334543
184077
263637
264446
264574
266061
266062
278994
281105
279572
279573
279574
281473
281714
282669
283923
285258
305793
291048
291403
291985
293958
317018
317019
318425
318434
1604
319939
319652
425941
320912
320787
321265
321266
321267
321268
321269
321339
321895
321982
321983
321984
321985
322095
321661
321662
322163
323415
323450
36822
320799
29466
33903
265606
38323
817
90970
310297
310298
290053
67330
168275
219741
237373
258505
283877
283878
300181
307126
332657
252970
280332
280333
280483
332249
329993
1798
331618
331696
331648
261934
262323
262324
297536
328301
159290
197345
694315
134534
145287
224438
225894
231233
329936
246796
248451
248452
249351
252130
254786
187452
299567
263067
263819
267363
267364
267633
272161
273677
273678
238
282197
282199
2350
287609
287990
240427
288992
290109
290110
290111
290112
249352
292407
295068
295069
299767
304899
307124
93930
93929
315478
471
321318
321325
1590
83460
178899
252474
243063
248039
254954
254955
261302
265949
274592
279369
172
29508
29511
100053
28452
293069
28183
48782
28182
293075
29507
293085
286638
288022
285091
289370
305977
292733
292734
295089
307497
323761
324679
325473
326069
326320
326329
326522
326523
326537
326544
327575
328224
28254
328225
328515
328692
569127
329186
69539
243838
253245
260552
271420
286727
290306
290589
364039
45677
308111
314092
104176
197482
222814
281361
281362
222805
234908
241555
254788
255723
256325
292462
33961
33962
265175
271431
271432
271433
271434
279828
337005
279827
279824
283737
66869
35619
67313
284027
68209
284030
67314
67304
39478
1970
68043
284035
66374
68276
284040
284041
284042
47760
298794
300028
300029
333368
333297
333702
158850
333962
587
333963
333964
333965
335286
204516
226217
228229
28134
28129
243629
260085
265719
278209
281785
28188
28189
214856
283811
283702
285109
287094
292807
317575
305517
840
311234
328412
332340
332175
332516
333139
333140
333708
157792
334542
335476
335383
332999
335973
335017
335020
336292
336566
59561
58180
248552
257274
257275
257277
257281
263908
263909
291995
298163
455432
340095
28262
342448
86304
189722
204039
204042
204038
163874
163875
164332
213554
244365
273676
277961
328396
340021
317010
319970
324855
328517
133549
225004
337779
29510
243690
246
254
261392
263852
286802
286804
280236
280239
280240
29419
35818
286698
303380
334852
45498
304736
290335
291180
291182
291184
291186
291187
291188
291189
291191
291192
291193
307251
305719
311235
322596
322601
322602
210512
312306
1901
116188
29304
67381
67285
66881
29306
285515
67260
66871
58343
1890
67271
1941
67295
68194
68186
67296
66423
68187
68180
1929
68261
83383
68195
68197
67255
67382
68282
67275
58350
285533
66888
67301
67376
89067
60217
74109
328839
336819
336820
337250
337094
337701
337702
338077
32016
338644
338884
339722
341036
340956
246191
341045
341470
301388
329854
343510
376727
246787
345342
346388
346389
2358
347481
347483
253239
287484
287478
330922
306205
291990
291989
310362
309883
309884
309886
309887
309888
309889
309891
333142
336203
564835
342950
342954
343403
343512
344880
344881
344882
344883
344884
345312
345309
346179
346182
346185
346188
346189
192904
304207
308113
308116
308117
119863
306546
328415
33007
181675
60519
1587
267818
176292
1599
351343
29421
289003
592361
561365
314200
314202
364410
337480
345631
345632
365349
342002
346377
347534
347535
348042
348442
348842
349064
86959
349522
350893
350894
349095
349096
319238
354237
354240
356828
356829
216903
304901
312026
28101
314235
314236
314238
336804
319054
311333
311334
28110
353156
354197
356302
356305
435910
357240
356659
356662
356660
2738
249058
332095
338188
344164
344165
344166
359359
279832
332949
332950
361575
362413
247
362418
354352
354351
158327
330835
336261
341220
355591
359408
405
360086
360293
360296
361041
392333
362257
359209
46680
170673
312277
312279
2739
346911
346912
298598
363259
363260
363832
363839
363835
363841
363843
363844
363846
363847
363848
363849
363850
363851
363852
363888
363862
363865
363868
364032
154981
176291
288436
332158
108
338565
339268
340320
343874
367456
529884
319707
451644
328049
341694
355930
358707
362523
362520
362781
364901
363331
363630
335974
588122
114700
365489
363631
365343
364197
366289
364198
364199
366586
366582
1364
364200
367282
269069
39956
29427
29428
144191
29429
366522
300419
331679
358687
365340
368811
369958
370959
245
983
986
29533
29536
207954
207949
364098
204
28080
199
824
203
202
260714
359303
361183
367474
369401
369798
369791
370524
370526
331526
370622
370736
370973
370974
370975
370976
370977
370978
370979
370980
371674
372072
220990
305900
310767
823
46503
357276
364763
364764
368405
373890
317658
94625
357999
162426
362649
370766
370767
430457
370769
370777
373043
373040
55601
282305
361111
317
862720
369822
370111
373391
373675
374106
374515
374513
374514
375061
160453
160454
374858
375760
375761
375926
375927
376174
376175
376351
376730
376733
376815
373668
373672
327277
361055
185294
1955
66882
47761
1892
42684
67294
66897
67305
67318
67324
67328
67355
66904
67358
53451
1961
1889
68175
42881
66887
1943
67325
67326
67350
1928
67361
1972
1886
42235
67287
1903
67302
67303
53449
1915
67322
67334
67337
1921
67342
67365
67368
67370
67379
1936
67380
67312
146923
33902
67280
67282
68285
68244
68200
68254
68233
68268
68256
1895
285453
285454
68223
68239
1910
33897
68232
68173
68179
68230
68171
68221
1912
66422
58345
284033
66369
68182
284043
285536
68231
76728
83378
44060
270689
66375
66427
58341
285561
285562
285563
68191
68204
284044
284029
68211
285566
68229
68213
194673
68278
285568
285570
1900
285571
284028
284032
173861
1923
47716
66431
67363
67297
1909
68202
66424
55404
68258
67366
68228
1969
146536
66889
1907
66900
66865
66873
53446
103232
66883
67273
67339
33009
68219
66884
352475
380685
381431
85693
357278
235
365341
379597
283718
190148
332411
330734
353224
376470
376489
377616
378211
379895
379893
795812
380244
380248
380628
380629
230105
380675
381300
381308
85698
256466
319236
367190
373671
250
253
310769
340996
382503
382504
380911
381665
1260987
384602
383750
59814
440079
384678
385492
386056
386300
386301
386302
385682
200252
200253
336988
386874
180344
295419
363277
386305
387094
390241
390242
390883
349750
376490
387096
570835
388459
388278
388280
388746
390640
390641
388950
344163
29528
367791
370764
65605
284452
92644
332589
284038
329525
114699
114692
193460
284036
329524
371722
202862
66867
88075
235986
178566
67344
173858
73044
68272
1954
68210
387659
389480
392412
392409
392408
392413
393907
350814
364296
106592
43617
76747
391736
391905
1956
285446
1893
66370
1898
285545
68190
68263
67373
67364
67345
67348
332591
47762
67283
67340
68188
285556
340680
342113
28450
1336
361101
378548
390807
390884
1231180
392717
392723
392734
392736
70611
393278
393310
393607
393663
1630
354243
358
376804
376805
376806
393657
398047
398048
398049
398051
398052
398054
398759
2098
393006
397278
397457
400061
339862
366888
368603
375542
399370
390269
390270
209249
395937
395936
395935
395933
332977
660513
394264
394284
394090
394091
43
394092
394093
83449
83450
83451
394094
34
33
83456
394096
394935
394734
394751
396014
396016
396015
396013
396322
396323
396808
398736
393664
398743
299214
282078
387661
392842
395387
400772
400774
402877
314237
380763
400065
401471
401470
402297
402648
375929
401558
401562
584
102862
402385
403935
436
400055
420404
576610
400948
398257
362837
400153
400091
71388
353
69962
270345
69964
354
397865
404578
358099
380393
396268
390878
390880
391922
404881
406100
278860
351224
351614
351656
351659
351671
351672
351674
351675
351676
351677
351679
404941
405671
402734
405005
404770
405559
405770
405746
406432
407164
407226
84643
153730
409290
409291
163359
376807
395085
395087
410837
410839
410841
110937
59737
209649
356145
356147
461876
379097
386414
404236
407998
408066
408067
408174
408558
408657
409998
408753
410072
33043
140100
409322
412437
412438
258
40091
47490
47492
281
280
363265
369935
369936
369940
398555
398758
414286
416169
371601
415229
372655
376427
411577
246167
296199
414052
414049
414048
414050
413888
413889
414046
414288
414289
423477
415425
485907
416017
416016
416943
416586
396
416873
416874
416872
416955
415849
981
387638
390841
390842
392416
413712
404335
412895
412896
28141
416170
384613
407975
408139
182270
380084
407234
419015
419474
419475
645
374177
375549
285558
1968
66371
68207
35620
67319
35621
285447
37480
36817
47758
67369
67372
285451
285572
1938
67581
43759
68284
67384
371720
68255
1919
68243
392589
573179
305
418854
419597
419596
453959
418699
418702
417948
418646
418647
418707
418708
418701
418750
418642
418856
419208
419650
420324
379071
379073
360056
402884
417203
420955
421531
423350
425511
425512
425513
425514
430522
425498
179467
366616
1075
390637
406020
420402
447594
417368
420998
420999
421000
421530
421525
420994
423541
422442
422441
424218
424188
424795
424797
424796
424800
424798
424799
424704
424758
424757
426129
426128
425677
66870
402147
402596
40324
407022
427333
429344
399548
430453
146537
67331
67332
28894
68264
66376
68286
284031
1942
1944
68247
67267
428031
420996
295428
1226757
1226758
998084
426481
426716
427918
427923
428988
428993
428992
428991
427683
429726
429728
429727
626223
430683
430684
223900
379347
392010
392011
392012
392014
392015
392016
406515
407844
431677
1841
29299
2045
60489
78327
165813
185139
207340
358100
405444
405446
418630
418643
221725
242698
346665
378543
392484
431306
413497
413501
535744
413503
413502
483206
431675
427926
84379
433840
432308
433654
433648
433657
433651
433659
433649
433652
433660
433643
433647
433641
1001240
433606
434084
433924
434347
435905
435906
435907
435908
435912
435880
435897
435914
314344
436356
271065
2138
847
379069
392838
415212
395598
395599
395600
420952
420953
427754
434464
324078
388357
413403
413401
413402
418719
439219
439220
437503
437507
564064
438596
1123352
351604
438745
439611
439612
439703
440168
441616
43357
442526
442709
442714
442728
442733
442734
444093
441209
443156
443157
443610
1038928
444444
231439
415996
415221
415222
415223
415421
417574
430521
448141
1605
1623
571256
571255
571254
446681
447689
561505
450200
488446
488732
488730
488731
488729
379482
386892
404433
407188
936456
432329
422297
1121252
447593
444608
445961
445960
446684
446075
446372
693153
446374
446860
447106
447422
189
80876
447424
447425
453783
449461
375674
398843
452286
454144
454151
361581
444440
444515
446682
451764
452084
397260
400092
436000
449973
443615
443616
450378
450380
450363
450366
450734
451513
452529
452922
453836
454586
453838
453846
453842
453837
453835
453852
452982
452979
449463
453575
453963
453960
454006
453817
1365
1366
454601
53394
53393
455361
351091
379075
396716
458204
355243
395930
413713
456299
466109
457921
458208
459519
459816
460086
460087
460873
404405
1404341
456455
457173
28095
980427
457502
458836
459471
458197
459526
459528
459529
528178
460060
462372
269660
374424
374425
374426
374432
133448
430797
430798
431270
435289
445931
470446
436231
467997
1121721
470076
410764
427351
468911
462991
463301
464322
468058
468056
1122943
467180
469656
470565
470866
470826
436515
471799
419476
419477
419479
459515
474950
474953
475957
478010
150025
150026
420403
448181
456330
471514
472181
472166
472186
472183
474394
475082
475083
475081
474960
475299
485258
475067
475069
415218
415214
415215
415216
415217
417373
438752
438751
441103
441112
441119
444053
444162
444918
444919
444920
444922
458711
470028
477666
481366
280871
478744
397258
399736
425306
425504
430679
431058
431059
442525
444923
453582
453584
456876
471225
476529
481446
345370
2421
53336
421058
421072
440515
462949
462710
472175
470868
476279
476551
476550
476555
477641
477689
1091037
479410
480996
480997
481003
481002
480814
481520
483014
483016
459858
559625
440514
482827
482825
483545
483324
501024
484088
486698
487184
376620
442969
859
481181
481183
288426
418853
452627
452629
348151
490092
490094
490095
490096
269672
492735
61013
158890
419005
483013
488438
494023
494024
363952
419257
419481
372484
431554
431553
479117
480520
487049
488547
488549
1121000
488212
488454
487317
487319
487316
487320
488533
488535
488485
488938
489142
638849
490186
490188
490185
490189
489916
489758
490570
490573
490575
490572
490829
490979
491388
491923
492736
493780
1128911
494016
732242
1120994
437897
437898
449662
449663
499548
499555
424902
470453
483011
201
488546
498292
498301
426226
498367
498371
500615
29573
504092
13688
418223
431269
104628
444091
463192
465721
447567
1218315
493376
496831
496857
496058
496053
1122252
498198
498057
497967
500153
500162
499528
501496
502259
502333
502365
502366
502394
407973
407974
437900
460870
466084
467976
493381
432296
469547
469551
492774
501482
501483
436510
442341
1117645
483547
56
499207
502051
507844
506594
508464
508451
505251
505252
505250
510515
511108
507751
511811
479650
485447
485448
500610
1066
28066
315358
502683
504800
504805
504486
504488
504483
426599
442866
472056
357760
542764
515897
359110
432303
450804
67351
285567
445710
445709
447595
701041
501340
503834
529704
529703
529705
535290
535906
531813
872276
421624
538381
538382
538189
538021
540251
540254
540746
540747
534635
538379
540500
196015
322505
155177
472113
476157
478738
487173
487174
499547
515351
527326
69359
80679
37487
502567
506591
512382
512383
879
299072
386913
391948
425468
433663
436663
444463
468916
468915
468914
468913
480035
480036
470150
481139
481138
481137
486270
486264
491745
523788
510946
616675
511998
552386
512762
512763
525924
515326
515949
515947
516051
515814
515662
518897
518898
215591
517423
517425
516702
516698
516701
516699
519061
518767
515440
518642
518825
519081
519453
519452
522319
522259
520838
521720
522487
522488
522485
457454
522397
523786
525917
525918
526216
526067
522773
528244
528209
1121276
529505
531312
1048
182210
61595
61597
477976
484882
501023
553088
554949
555371
267800
518738
520603
303241
345347
367827
386911
392566
1684
553239
475255
475254
475253
642227
519051
505249
507359
1122941
1295382
543892
538194
549386
540988
1358
543356
543360
544911
544910
545121
545123
543887
545534
545261
546160
545864
547014
546892
547163
547018
546672
553447
549691
551459
546114
546022
552061
552546
553636
553384
553385
554406
554283
1049
545890
546367
549701
85075
49447
1057
217168
414682
472059
693075
511662
557450
556530
1624
76122
237258
483199
472158
464029
501592
487318
501813
558537
555059
556288
556325
556327
555883
651457
558151
558152
558155
558271
560555
560535
561061
561176
556053
556054
556055
556533
556534
558172
561088
164546
163011
240412
555083
472055
480931
518643
556529
563199
351345
468528
478447
501487
515415
935293
419007
470933
470931
470934
472695
472694
472693
472705
526944
1033854
1163621
563176
562969
563996
1077947
564710
1110389
566012
568102
568099
568106
568783
551547
564369
568790
426701
426703
426704
544644
544645
571913
573564
686830
491954
491949
491948
491950
936476
491951
491947
501010
501011
529810
999627
569882
570505
1027273
570520
1121832
571115
570446
571298
572036
573024
569860
1246458
570855
1190415
1288392
420645
454154
454155
487175
533323
533325
445629
480391
497724
478174
492660
701042
505317
517723
517724
545536
1203471
545533
563162
563163
566027
570156
573501
574349
573074
574700
574650
574649
574962
574963
574710
574956
578222
578215
574699
1121960
576117
576131
578942
578943
580166
578463
576784
50340
584609
575789
579922
50719
254356
341202
515264
387889
577679
387890
530584
587739
587872
587636
589382
588602
588604
588932
589403
589872
589873
590609
590593
590849
592307
512643
512649
489722
521158
588067
574930
577470
591197
28901
454162
504469
529005
516063
553386
568072
332186
591203
591372
593133
592051
592050
592376
592377
593135
595468
595589
595502
595605
544480
595984
604099
604332
614212
629485
339
489619
521013
363953
429001
478503
491207
491205
504936
520764
520767
1288391
523742
531309
595692
617001
617002
617000
604088
604089
607711
607712
983975
613197
613195
619304
619805
620903
619730
1087449
621376
623280
624146
622674
627131
626343
552357
1031542
622488
117606
481719
481720
481722
481723
569601
596085
634127
565072
391920
184067
505694
431489
455078
1078471
603050
657445
561720
563
570012
589035
575322
627624
634770
626084
630514
631222
633153
632140
633701
634430
634290
634462
1216040
637679
639240
638619
521050
649746
640084
640108
639004
637971
558541
1358440
631455
634155
638953
573739
573741
1076
644383
1646
423605
230143
498718
502682
1321365
559315
640205
640634
640635
639310
641691
643747
641238
641841
643262
645517
945692
646532
646534
645597
645617
645616
641510
1344585
643671
645110
484498
582854
565073
582855
565074
591198
647381
439228
563188
1368430
548918
649333
648753
649196
648894
648895
648780
648782
1308924
648794
649201
650004
543877
649507
654447
654686
654838
655015
651661
651663
651662
649100
649104
651823
652943
67362
67298
407964
551788
626933
1307955
657016
660537
497725
522468
576927
633807
595671
593134
634884
650891
598549
637886
651561
659824
663610
53378
653931
653929
653930
664642
656366
655607
657419
659017
659018
659013
659016
659014
659012
657409
657326
663949
658167
656894
657651
658225
1295392
1172192
658218
658219
659351
659595
659443
659444
660294
661089
661399
661398
661491
661493
662858
661979
664640
664638
664639
664880
663275
664789
665550
665133
653954
547188
58344
626929
626930
626931
626934
626937
626938
626947
640331
666563
673954
1403274
560405
644556
670863
546157
1121961
559628
652787
652788
659006
664683
671622
1284658
670054
670078
670079
670052
670289
670291
670292
670288
671224
671053
673521
668625
671278
554083
1163710
669041
664643
665913
665914
666702
68193
648567
658456
676199
676201
676202
676205
680125
467210
539
36875
475662
582665
633415
633417
635203
487698
678932
680127
680279
683041
680026
674529
675609
676517
680375
680648
680283
679319
676965
682562
682526
682550
683124
684066
449659
644767
644768
688066
690867
1322
354630
515489
515499
517719
591206
591205
545624
651086
661329
683354
683355
686429
696001
651822
657654
689904
684552
686389
686796
686595
687412
687525
690417
687842
687844
687845
687846
692994
692418
371042
692370
693023
95172
47846
212765
182220
407159
702114
160808
265730
1306787
600331
653940
653357
655338
646273
591204
641665
673372
647720
598626
616990
658457
659251
138336
653745
694025
696074
693965
698827
699437
699879
909213
1073330
701523
480930
610243
610245
634765
649841
661191
670154
714537
83
715784
1033846
343412
517720
555512
684663
598609
598611
1069
655353
502790
703340
703342
90242
266762
81479
702568
28077
861533
706427
706566
706570
47497
47498
833
111770
707591
708071
708087
706187
706183
706186
706182
706185
708126
709343
713588
713595
714075
1688
33905
714166
714159
714130
1079994
2352
147802
586230
666685
579105
679664
708186
728066
732241
745713
745714
747076
735517
138074
722472
728005
728004
721133
723921
1207041
745368
47834
745369
164
739143
743009
1288388
508661
744461
744873
118967
40545
2136
745119
747304
747302
748120
722737
732237
732238
706574
745311
746032
746033
672460
691816
691817
1055278
732234
732235
768198
792649
1498
417292
582680
568869
330919
702115
722732
683042
683047
796379
1184387
768528
762643
764842
765699
767452
796007
34059
1288385
675874
591962
685706
643568
696762
696760
650850
674054
604330
701526
702383
741074
760117
645578
647384
709323
544580
717856
717859
760260
391287
759412
716925
748909
748907
748908
755169
755170
755171
755172
755175
756287
357441
756689
34097
339
301585
2137
758803
758802
760123
761804
752139
762486
1236770
759411
1433843
763065
2145
63
665126
290054
47495
33895
28234
516075
516074
758825
760012
756892
752140
762954
777
720605
369795
379684
472583
472582
551990
551996
551995
539813
568098
663364
648995
642766
642780
754436
759619
759620
767694
792652
1202716
860221
863522
867683
1032072
872115
876270
887449
887452
887453
887456
887462
887464
887465
887469
887475
908615
908940
657014
712036
861298
877208
877209
858640
696485
690164
698645
52
889272
109472
903983
903984
863370
863575
796334
885040
861266
882211
908285
758826
762261
768480
796942
796943
796944
859243
856731
867345
860242
861865
861534
862134
866785
862415
861445
856736
857417
861110
861111
864068
795312
864064
863227
797020
864069
1402137
667676
864074
996641
879276
866566
797419
869397
35817
871664
871665
869718
877464
869962
910545
870908
870476
877549
871694
887144
871742
873078
879567
874266
875171
874422
874423
912594
875043
875042
875041
873191
874156
881009
882446
882447
882452
659015
882824
48296
106654
889453
904291
904715
1379159
909936
908355
908359
910347
1385522
913326
912592
913024
910412
912802
87162
394805
630129
512650
566293
573737
656178
656179
989
667303
679249
700500
702742
716813
1809
748811
748857
748831
766497
766498
766224
1532
866807
872965
874454
880732
881268
884155
185293
291045
913100
913101
502829
502832
161493
1055487
42838
65
536
370405
33943
2734
529
35701
821
40542
152260
68909
1229
316277
34105
446
1092
28187
70864
39766
33075
851
482957
1245
60961
533
1355477
985
125
1085
49338
313588
158080
29543
264
513050
826
252307
31899
880
28132
1100
49319
1102
53399
9
1231
40137
52022
28447
913
662960
753702
796890
551988
582667
582672
582675
582702
1203069
872327
889792
908616
908250
931537
152
151
888
1054
2297
45851
2291
933059
54565
933063
1541
933073
2139
2142
324079
128802
1083
1074
28051
933080
406
266009
1088
28237
57320
108007
186651
183417
254793
191564
456327
1786
1766
279262
929813
879969
930197
931504
931629
931625
932217
1282858
940136
940139
940141
866801
943261
946573
388466
445327
532059
556890
908946
1052
163
147
290052
181662
937251
225195
154
85993
889268
442694
364298
156
150
649756
2376
346
276
43143
131112
937334
945844
946336
906888
870903
942150
928210
880156
943941
943939
943940
943936
935223
935224
941907
946228
935699
935700
936337
936889
944425
105751
648
651
649
646
650
654
652
885042
717607
930802
930804
977983
983706
987056
992287
375757
382454
393030
477972
637393
598650
598652
598653
715785
502821
928856
932741
1279027
980631
983873
90241
986746
992267
681158
907224
990271
990268
931074
981384
979746
947033
927083
933926
948077
948106
1386092
957042
980347
987063
987066
980271
947835
985054
985055
985043
979627
632955
926357
442868
159346
914150
914151
914152
914153
913761
913948
915352
915353
927787
762209
762211
762212
912552
1260984
931533
931534
1005740
1010610
515361
542300
641025
642762
642776
675090
764330
857265
943830
946677
946678
999183
251
762836
990933
929794
910542
981381
994319
994320
993502
990078
938155
1002227
943815
943816
984260
993084
993086
993087
990371
993689
995034
545
357233
996342
1408819
996765
998845
999151
999702
993070
1002870
945052
1002526
1027633
1017095
1031273
992286
1003091
1003092
35703
644
1536
86956
1517
1071679
68334
728056
762845
797277
859058
913109
947378
993416
1008308
999699
999700
1035271
1037377
1037380
742179
747656
512402
735519
333728
1119056
1056982
864058
1032623
884107
915059
930118
1046115
1046112
1045773
1045774
1183151
995050
990712
1064517
1064518
1077675
985012
1069221
1069220
549298
1076549
1076551
1074311
1071886
1079800
1120045
1078480
1005925
1045558
1005944
1005945
1034943
1034944
1035707
1041641
1036133
1033731
1033736
1038845
1071983
1042984
1045776
1046556
1046555
1045501
1048221
1048394
1048331
1077464
1048357
1304158
1049199
1052260
1052259
1052258
1069117
1051626
1054497
1080221
1054041
1069963
1055466
1055723
1055355
41202
1607
1613
66269
927
726
182337
158877
399969
478
158849
89402
870
272164
487
1069985
1069980
1072463
1073196
1069161
1074233
1076695
1073327
1073328
1079178
1079179
1077936
1081025
1081097
398694
438855
438856
610251
870242
871325
871324
931535
931536
944322
1043493
1055101
1055102
1055104
1080071
1080072
1159752
1159753
1007097
1007098
1017018
508460
858
71657
1074467
1037320
1037382
1089305
1214071
1053547
1145106
1105143
1073325
1107316
1108595
989403
1111041
931866
1120568
1125875
1125876
1126831
1076620
1109412
1077943
1077944
1078475
1078754
1108812
1007511
1007516
1082345
1082580
1082851
1082479
1084519
1084522
1084526
1084524
1084525
1084421
1086013
1136135
1086703
1070870
1095768
1095769
1133347
1096779
1329895
1420591
1332080
1097322
1141657
1101402
1341165
1148509
1114924
1149773
1109741
1109739
1119534
1124188
1123755
1123756
1123757
1134595
1128672
1128970
1119058
1119057
1134435
671218
1132696
1138822
1134781
1136748
1135990
1141221
1144278
1134406
1134405
463200
540060
540061
544681
1302235
797292
859059
1245591
44577
917
1233
44576
52441
52442
42354
1035067
293371
1117177
864828
869805
860243
861051
915471
873516
866565
866564
871741
1071918
1004279
913252
942866
942865
421115
940614
940615
940613
940616
995053
995054
996801
1054202
1056510
1070421
531966
531967
93466
35700
911092
86958
86957
38
274537
39651
88916
471511
1073423
1079859
1087332
333725
349910
1090615
1094342
1096246
1096341
1111140
1114880
1114867
1114873
1114874
1117041
1117706
1117707
1118202
1123687
1131567
1132659
1144477
323423
1142239
1070872
1144748
1144617
1144750
1141845
1150369
1141874
697197
768533
797535
686226
686223
931097
686234
944671
1096243
1004901
1017177
1017181
1095025
1095026
1099794
1111760
55197
966
28230
1114980
334122
200413
213680
1128113
1137273
1137799
1137780
1138587
1151742
754435
1037362
1114878
1133319
1173082
555500
694059
1054033
2082
219742
42448
1146892
1173101
990144
990143
1203599
1078469
1159017
1159016
1157987
1158459
1166683
1144680
1144682
1165689
1150371
1150776
1155689
1155722
1288027
1157490
1156618
1004322
1162966
1162970
1162969
1162965
1159327
1162633
1155073
1162632
1166478
1170456
1169913
2718
1076592
1076594
1076596
1125964
1129792
1130080
410
1206817
1304270
1214924
1214925
1217282
551987
698647
718191
1076331
1129133
1017354
1157300
1185412
1187080
1191678
1236046
1193621
44574
1280832
1280831
29311
1200987
585
287
1226301
326475
1386098
1002795
1007099
1194079
1117703
1147123
1166257
1166073
1224302
1204385
1196083
1219382
1219383
1173585
1197717
1181883
1181884
1181887
1173586
1198454
1198455
1191371
1401027
1197477
1194168
1195760
1195763
1195759
743699
1196019
1197874
1199156
1196353
1177712
1204554
1038014
1206336
1215925
1210524
1214928
1214787
1226327
1217274
1216062
1220705
1202713
1224511
1224513
1222016
1225127
1211136
1218801
1117702
1182444
1182451
992289
992290
1155475
1155476
92172
1079109
71657
1141846
44255
1187081
1189126
1175516
1172621
1173582
1173583
1173584
1176198
1167637
1176697
1176646
1173995
1177574
1177826
1179467
1185766
1185767
1184153
1187859
1187852
1193626
768534
1363
1185843
1193500
489632
1244513
1125965
1125966
1227734
202772
221989
226010
226011
226504
226505
226506
252230
252231
254406
264463
266748
266749
271155
271156
271157
298908
320778
19
327095
327939
334424
394732
394733
158500
524290
996115
657012
1137990
1137991
1219257
1194427
1231134
1237076
870481
870482
870484
870485
870486
870487
870480
877384
933940
933941
1234555
1005926
1005928
1028745
1028752
1028749
1028746
1028742
1028743
1220495
1164595
1196095
1241978
1241979
1241981
1241982
536441
1229971
1227946
1227947
1227950
1227949
1229621
1231893
1245526
1217969
1217970
1227077
1229164
1229726
1229727
1229165
1230533
1230531
1230530
1230532
1224718
1080224
1247520
1235557
1235754
1231337
1241321
1242744
1241761
1242174
1244108
1245592
1233114
1233113
1247613
1234680
1236215
1236220
1076926
1201031
1099853
1265690
1202724
1235480
1178777
871327
515393
1167604
1190813
1193095
1202668
1213358
1222336
1259973
1261393
1281486
233316
1010611
1150298
1246530
1285191
1297750
1297424
1298735
1299340
1299341
594679
1137989
948107
1273442
1295565
1296536
1296537
1296539
1296540
1130723
1108801
1160091
1257026
1225564
1312182
1312183
1312184
1299998
1297121
1270212
1300035
1300267
1317125
1296415
1296416
1288494
1305696
1298767
1324351
1312905
1316679
1287727
1287690
1302352
1302685
1302687
1302689
1302728
1303477
1303478
1303090
1303863
1306933
1305674
1310418
1312363
1323745
1309407
1324766
1325435
1325436
1324801
28181
1054034
1169847
1137988
1137994
1203393
1237105
1237109
1243014
28091
33053
488
45074
452
13689
449
544581
47671
496
865
86176
46257
1287735
1287736
1287737
1427356
1226968
1239307
2096
53558
1266046
1266052
1249558
1258546
1268042
1268041
1267021
2144
1274384
1259464
1273429
1265740
701043
1262585
1261553
366650
28092
28039
82348
1326
152500
179879
164393
323284
488447
1606
1268273
1263636
1263637
1267424
1267423
1283306
1286180
1267769
1268671
41985
68898
1294291
1294290
1294296
1294299
1294297
1280598
1280846
1280847
1280843
1280844
1282438
1282736
1282737
1268550
1293442
1293440
1293439
1285464
1285465
1266829
1286148
1288495
489971
980519
1036180
988821
487514
933944
1260928
1267156
1285192
1285193
375175
1241337
1306993
1324934
1124835
1160095
1265445
1327753
1346684
1280375
1327750
1328770
1346286
1031538
1031537
1031541
1069983
1105367
1197950
1176243
1268553
1177169
1342299
1342302
1342301
1344003
1344948
1344951
1344949
1344950
1346290
1348613
1335062
1335061
1348853
1334022
1338436
1247514
1247510
1343103
1343159
1343160
1343161
1341696
1340425
1348248
1348253
1348284
1348272
1348245
1348471
1348774
1338426
263818
1335724
1324851
1324946
1330700
1333660
1333662
1332631
762833
1420916
1420917
451876
1332824
1343899
1353886
1341643
1416776
1416778
1416779
1419723
1421430
1432788
1416943
1367504
1367506
1211806
1179767
1262554
1278643
1261404
1389713
1334106
1207057
1207056
1323431
1353775
1350398
303541
1391222
1391627
1429085
1429083
1416875
1423959
1420899
1423887
1401264
1428314
1434881
1434700
1434701
1436965
1432052
1434072
1317118
1434937
2752
1161202
1293890
1293891
90245
102684
1266771
398035
398036
1137993
1162980
1207504
1343891
1343895
1343896
476652
1406880
1278819
1227549
1325415
1266600
1324352
1349425
1342818
1353277
341199
624395
624388
627688
1211807
1242999
1141877
1141890
1141892
1141882
1193627
1193628
1267444
1218495
1218492
1218508
1218506
1218493
1218507
1218494
1354726
1353941
1367973
1384038
1353778
1317117
1387713
1398493
1398496
1335967
1397108
1397112
1400979
1400980
1399968
1382306
1401547
1355015
1356575
1355330
1346888
1379903
1357496
1382456
1411901
1380046
1383030
1387277
1387166
1387165
1385699
1368474
1387186
1404360
1387716
1390358
1390224
1391910
1391911
1393054
1393049
1393051
1395940
1395890
1396826
1397477
1416627
1416801
1408545
1089444
1408548
1414727
493
33950
29329
28200
28128
28135
28125
28127
28126
839
28118
29524
92002
39486
39487
91797
44933
782
2153
1616
1528
2150
2089
2120
2115
2110
2112
2111
2088
2369
1067
13276
727
167
1097
852
855
1687
1693
2702
1601
1602
1603
1580
1610
2748
1612
1588
1618
2751
1626
1736
569
2423
106
103
100
998
143224
1035
774
1034
165
951
947
803
714
739
1071947
751
734
762
715
736
149
46256
1657
47229
58136
51197
167642
496866
1069
754477
2424
143361
271097
148813
1307761
979
81462
630
192843
28123
81032
1096
28049
191495
1053
754476
1084
1382
1680
395922
1014
2099
818
48935
1124597
1584
1335746
64160
119394
129958
664662
273376
28108
128
61435
228745
151895
1176482
1234143
1295005
857252
1323738
1323746
1843
1844
60443
1397476
1385715
1280946
1280947
1280948
1317122
1303590
827
453220
1076443
204773
863921
1162717
382673
1397110
1395944
1249101
1137606
767916
1395960
1130722
1176257
1287720
1323734
1348468
1232681
1265931
324851
80872
271
28227
29345
2047
1424661
1424659
995038
